----------mesures----------
2784
temps,X,Y
0.000000,60.046999,202.519130
0.041667,60.118175,202.612324
0.083333,64.484884,204.562537
0.125000,73.739008,207.947358
0.166667,86.292979,212.198888
0.208333,102.887247,217.272804
0.250000,123.917477,223.504213
0.291667,146.939231,229.954870
0.333333,173.319828,235.173155
0.375000,202.327219,239.657189
0.416667,231.959048,242.795699
0.458333,262.997291,244.156433
0.500000,295.864865,244.464040
0.541667,327.873162,242.637178
0.583333,357.964620,238.663547
0.625000,387.487622,234.042017
0.666667,414.847273,227.931591
0.708333,439.303373,221.406125
0.750000,461.842048,214.221833
0.791667,480.952340,207.544964
0.833333,496.158938,201.441400
0.875000,508.583351,196.188245
0.916667,517.054519,192.391269
0.958333,521.743216,190.214054
1.000000,522.581811,190.054407
1.041667,518.473642,191.639715
1.083333,510.600237,194.929430
1.125000,498.748784,199.947655
1.166667,482.526306,205.739080
1.208333,462.325391,212.767188
1.250000,438.823494,219.959588
1.291667,411.844708,226.618398
1.333333,381.983639,232.830407
1.375000,350.211439,237.717019
1.416667,317.317310,240.851949
1.458333,284.062681,242.406909
1.500000,251.852649,242.074942
1.541667,220.218949,240.260492
1.583333,191.130490,236.749527
1.625000,164.124334,232.536362
1.666667,139.588980,227.622335
1.708333,118.847005,222.614068
1.750000,101.920737,217.616101
1.791667,88.191455,213.502543
1.833333,78.417448,210.427436
1.875000,72.775358,208.443033
1.916667,71.399796,207.804689
1.958333,73.424119,208.605622
2.000000,80.013098,210.632640
2.041667,90.073022,214.144150
2.083333,103.839405,218.567148
2.125000,121.504054,223.596976
2.166667,142.002928,228.906081
2.208333,165.344327,234.204336
2.250000,191.473901,238.729853
2.291667,219.212477,242.247238
2.333333,248.705623,244.523467
2.375000,278.804012,245.207517
2.416667,309.640826,244.260321
2.458333,340.176471,241.371396
2.500000,368.983671,237.370975
2.541667,396.490240,232.091990
2.583333,422.085588,226.166741
2.625000,445.022343,219.422777
2.666667,465.020721,213.034967
2.708333,482.210914,207.065950
2.750000,495.953402,201.469072
2.791667,506.167450,197.150072
2.833333,512.757674,194.478796
2.875000,515.121056,193.247668
2.916667,513.514241,193.849342
2.958333,507.825900,196.139280
3.000000,497.879649,200.077118
3.041667,484.222698,205.243527
3.083333,466.083091,211.431373
3.125000,444.966363,217.790859
3.166667,420.061979,224.622368
3.208333,392.916346,230.654649
3.250000,362.957334,235.827712
3.291667,332.118916,240.006778
3.333333,300.475822,242.326774
3.375000,269.323517,243.011017
3.416667,239.090733,242.183401
3.458333,210.035133,240.133810
3.500000,183.591846,236.992843
3.541667,159.996937,232.832203
3.583333,138.720760,228.240397
3.625000,120.817413,223.769653
3.666667,106.268761,219.869519
3.708333,95.711232,216.685457
3.750000,88.632861,214.291337
3.791667,85.496361,212.974839
3.833333,86.017988,213.225894
3.875000,90.025258,214.606609
3.916667,98.664519,217.005369
3.958333,109.856435,220.517137
4.000000,124.496677,224.844262
4.041667,142.469663,229.619326
4.083333,163.563686,234.268237
4.125000,187.189108,238.704044
4.166667,212.752454,242.074568
4.208333,240.758188,244.573287
4.250000,269.601930,245.454096
4.291667,298.800094,245.186532
4.333333,327.915935,243.197460
4.375000,356.683710,239.774661
4.416667,383.438506,235.049195
4.458333,409.659176,229.415290
4.500000,432.947368,223.189345
4.541667,454.064392,216.823667
4.583333,472.190171,210.576296
4.625000,487.568571,204.997347
4.666667,498.957460,200.251847
4.708333,507.274867,196.843188
4.750000,511.419380,194.733527
4.791667,511.764299,194.485988
4.833333,507.891732,196.088600
4.875000,499.934097,199.074728
4.916667,488.469754,203.484499
4.958333,472.921569,209.120503
5.000000,453.286622,215.326468
5.041667,430.528068,221.528649
5.083333,405.402513,227.937758
5.125000,377.474774,233.507538
5.166667,348.263391,238.197543
5.208333,317.897362,241.369126
5.250000,287.031217,243.080957
5.291667,257.600506,243.086691
5.333333,229.307479,242.110377
5.375000,202.542528,239.933063
5.416667,178.378814,236.377740
5.458333,157.182252,232.672380
5.500000,138.674338,228.716240
5.541667,123.453209,224.857575
5.583333,111.836959,221.430971
5.625000,103.678785,218.925791
5.666667,98.908209,217.386770
5.708333,97.689707,217.007537
5.750000,99.759283,217.565630
5.791667,105.460606,219.292641
5.833333,114.827988,221.986599
5.875000,127.415014,225.650924
5.916667,143.001351,229.578153
5.958333,161.405362,233.918200
6.000000,182.732880,237.761224
6.041667,206.499079,241.289037
6.083333,232.210331,244.040306
6.125000,259.176335,245.316154
6.166667,286.986725,245.410620
6.208333,314.936637,244.028966
6.250000,342.786382,241.271028
6.291667,369.661461,237.350638
6.333333,395.892144,232.394531
6.375000,419.409603,226.657319
6.416667,440.950359,220.753063
6.458333,459.862316,214.634820
6.500000,476.133534,208.954016
6.541667,488.950940,203.999802
6.583333,498.247913,200.152009
6.625000,503.929077,197.784936
6.666667,505.782774,196.748245
6.708333,503.523863,197.426539
6.750000,497.606647,199.756853
6.791667,487.527752,203.321700
6.833333,473.580681,208.381505
6.875000,456.145589,213.902310
6.916667,435.257431,220.002287
6.958333,411.966164,226.186968
7.000000,385.913602,231.975484
7.041667,358.049408,236.462543
7.083333,329.119668,240.425308
7.125000,299.784973,242.771067
7.166667,271.148249,243.715035
7.208333,243.358085,243.206596
7.250000,217.302140,241.735033
7.291667,193.058875,239.008068
7.333333,171.757193,235.645597
7.375000,152.812964,231.970973
7.416667,136.933159,228.459612
7.458333,124.144605,225.071647
7.500000,115.228235,222.307659
7.541667,108.810334,220.512809
7.583333,106.285436,219.558084
7.625000,107.016002,219.479833
7.666667,110.859695,220.657081
7.708333,117.796748,222.821138
7.750000,128.524927,225.692984
7.791667,142.016151,229.251820
7.833333,158.493609,233.058099
7.875000,177.869767,236.865814
7.916667,199.416045,240.434235
7.958333,222.732781,242.887101
8.000000,247.618813,244.828525
8.041667,273.576104,245.516365
8.083333,300.467426,244.657403
8.125000,327.474944,242.890828
8.166667,354.023516,239.832475
8.208333,379.398764,235.490174
8.250000,403.299073,230.404008
8.291667,424.797720,224.655405
8.333333,444.317058,218.970081
8.375000,461.298872,213.521436
8.416667,475.073874,208.586787
8.458333,485.678571,204.655091
8.500000,492.531038,201.907368
8.541667,495.643742,200.341208
8.583333,495.135961,200.287196
8.625000,490.591339,201.787443
8.666667,482.217850,204.815666
8.708333,470.259154,208.919750
8.750000,454.563970,214.081851
8.791667,435.407024,219.651698
8.833333,413.680062,225.453180
8.875000,389.544730,231.002391
8.916667,363.200321,235.569218
8.958333,335.965225,239.500310
9.000000,307.983435,242.104215
9.041667,280.201835,243.324515
9.083333,253.430948,243.498577
9.125000,227.836968,242.284204
9.166667,204.049692,240.281442
9.208333,182.713390,237.236229
9.250000,163.591732,234.061006
9.291667,147.497072,230.586036
9.333333,134.018052,227.457990
9.375000,123.975993,224.725376
9.416667,116.905752,222.424558
9.458333,113.161922,221.278470
9.500000,112.712307,220.925396
9.541667,115.162539,221.707114
9.583333,120.594242,223.237517
9.625000,129.610802,225.606861
9.666667,141.441142,228.850940
9.708333,155.991774,232.255934
9.750000,173.277348,235.660342
9.791667,192.952106,239.173068
9.833333,214.815395,242.275620
9.875000,238.510795,243.843416
9.916667,263.173225,245.089639
9.958333,289.003906,244.905790
10.000000,314.762100,243.602136
10.041667,340.920444,240.960444
10.083333,365.867177,237.339825
10.125000,389.589899,232.883013
10.166667,411.658116,227.623633
10.208333,431.465227,222.382396
10.250000,448.860573,217.108959
10.291667,463.406786,212.254890
10.333333,474.598984,208.061169
10.375000,482.748659,204.894061
10.416667,487.196749,203.003213
10.458333,487.909311,202.549526
10.500000,485.249439,203.425448
10.541667,478.159340,205.895567
10.583333,467.908514,209.279313
10.625000,453.937928,213.953732
10.666667,436.684010,219.190585
10.708333,416.511601,224.486079
10.750000,393.894924,229.914675
10.791667,369.331264,234.638294
10.833333,343.447998,238.460068
10.875000,317.122432,241.398008
10.916667,290.220716,243.155687
10.958333,264.482285,243.544771
11.000000,239.700417,242.867560
11.041667,216.241594,241.337341
11.083333,194.852717,239.252582
11.125000,175.981633,236.216327
11.166667,159.762338,233.287014
11.208333,145.745689,230.204415
11.250000,134.752505,227.419627
11.291667,127.004963,225.346492
11.333333,122.086839,223.851651
11.375000,120.182552,223.211931
11.416667,121.742103,223.509025
11.458333,125.855281,224.725194
11.500000,132.941339,226.717736
11.541667,143.473917,229.302981
11.583333,156.451568,232.242864
11.625000,172.033145,235.550541
11.666667,189.790135,238.753606
11.708333,210.065750,241.503148
11.750000,232.017936,243.559981
11.791667,255.834871,244.889068
11.833333,279.791980,244.992709
11.875000,305.007245,244.052751
11.916667,329.893990,242.106676
11.958333,354.467742,238.865519
12.000000,377.819133,234.752082
12.041667,399.822652,230.258458
12.083333,419.865539,225.254898
12.125000,437.654687,220.064325
12.166667,452.800320,215.396555
12.208333,465.045680,211.317776
12.250000,474.096874,207.979810
12.291667,479.478717,205.719221
12.333333,481.455648,204.931577
12.375000,479.774315,205.381681
12.416667,474.540418,207.086490
12.458333,465.542205,210.122624
12.500000,452.879985,214.235070
12.541667,437.433558,218.833173
12.583333,418.849246,223.881136
12.625000,398.191330,229.060493
12.666667,375.199879,233.712535
12.708333,351.003679,237.927856
12.750000,325.806668,240.895995
12.791667,300.221527,243.067084
12.833333,275.207269,244.122026
12.875000,251.117255,243.987564
12.916667,228.246844,243.059513
12.958333,207.326175,240.966998
13.000000,188.475919,238.605341
13.041667,171.962486,235.873188
13.083333,157.706960,232.911859
13.125000,146.455262,230.467084
13.166667,137.994952,228.209270
13.208333,132.216701,226.719347
13.250000,129.630080,225.844776
13.291667,129.739231,225.825847
13.333333,132.754434,226.563004
13.375000,138.633679,228.043368
13.416667,147.269240,230.329691
13.458333,159.298988,232.968948
13.500000,173.115562,236.030157
13.541667,190.065167,238.840677
13.583333,208.482318,241.462925
13.625000,229.124943,243.581843
13.666667,251.037288,244.733107
13.708333,274.396475,245.251673
13.750000,298.086515,244.388215
13.791667,322.563800,242.714161
13.833333,346.214971,240.125613
13.875000,369.038833,236.229639
13.916667,390.903413,232.108583
13.958333,411.134310,227.304436
14.000000,428.793507,222.494455
14.041667,444.033347,217.845971
14.083333,456.972028,213.754079
14.125000,466.342353,210.273652
14.166667,472.523146,208.032367
14.208333,475.557009,206.950841
14.250000,474.769145,206.828067
14.291667,470.725084,208.282755
14.333333,463.069476,210.809925
14.375000,452.018213,214.408562
14.416667,437.868587,218.576197
14.458333,421.121101,223.597613
14.500000,401.476135,228.578551
14.541667,380.327641,233.177720
14.583333,357.167741,237.120016
14.625000,333.250357,240.668843
14.666667,308.907561,242.850852
14.708333,284.707555,244.259126
14.750000,261.628924,244.632604
14.791667,239.709543,243.820141
14.833333,218.708445,242.405719
14.875000,199.480336,240.454927
14.916667,183.092809,237.897528
14.958333,168.756969,235.377473
15.000000,157.131657,232.908114
15.041667,147.976212,230.761894
15.083333,141.753643,229.204690
15.125000,138.301874,228.158135
15.166667,137.430489,227.840046
15.208333,139.064619,228.450284
15.250000,144.217113,229.713109
15.291667,151.561220,231.575330
15.333333,161.465015,233.908924
15.375000,174.599079,236.364097
15.416667,189.594134,238.962483
15.458333,206.979000,241.401278
15.500000,225.764359,243.382293
15.541667,247.150710,244.762559
15.583333,269.045017,245.361702
15.625000,291.866007,244.730253
15.666667,315.291775,243.302002
15.708333,338.230425,240.794111
15.750000,360.723503,237.550455
15.791667,382.351357,233.616242
15.833333,401.750304,229.299149
15.875000,419.699659,224.796033
15.916667,435.093578,220.301812
15.958333,448.233718,216.140035
16.000000,458.427143,212.799308
16.041667,465.196544,210.325674
16.083333,469.005846,208.868565
16.125000,469.216176,208.766936
16.166667,465.968370,209.791503
16.208333,459.460672,212.014079
16.250000,449.815128,215.176051
16.291667,437.002845,219.104874
16.333333,421.457656,223.505639
16.375000,403.310486,228.184339
16.416667,383.274990,232.721824
16.458333,361.640561,236.704841
16.500000,338.785538,240.145440
16.541667,315.569699,242.489149
16.583333,292.021827,244.205128
16.625000,269.778734,244.750969
16.666667,247.890271,244.439136
16.708333,227.717605,243.314567
16.750000,208.966067,241.570485
16.791667,192.464391,239.366553
16.833333,177.593980,236.907858
16.875000,165.391790,234.628506
16.916667,155.769707,232.660632
16.958333,148.781193,230.960092
17.000000,144.552420,229.785501
17.041667,142.592949,229.392170
17.083333,143.907919,229.586096
17.125000,147.265811,230.362741
17.166667,153.549451,231.997482
17.208333,162.514978,234.036359
17.250000,174.060050,236.250057
17.291667,188.136322,238.701052
17.333333,203.825859,240.917141
17.375000,221.999088,242.844014
17.416667,241.215835,244.232386
17.458333,262.446417,244.987131
17.500000,284.062007,244.867879
17.541667,306.403900,243.804984
17.583333,329.068552,241.674593
17.625000,351.149298,238.898128
17.666667,371.891458,235.385833
17.708333,391.251841,231.399550
17.750000,409.201175,227.022893
17.791667,424.817121,222.802096
17.833333,437.993388,218.976857
17.875000,448.656616,215.773190
17.916667,455.830160,213.126484
17.958333,461.688847,211.370009
18.000000,459.458224,211.949981
18.041667,454.119288,213.753558
18.083333,445.800687,216.558459
18.125000,433.929144,220.038006
18.166667,419.834719,223.948193
18.208333,402.925649,228.358576
18.250000,384.208451,232.435815
18.291667,363.831222,236.300572
18.333333,342.457018,239.609635
18.375000,320.135038,242.288884
18.416667,297.579060,243.930128
18.458333,275.616786,244.739102
18.500000,254.488248,244.477827
18.541667,234.446556,243.680680
18.583333,215.721046,242.304642
18.625000,198.978300,240.276673
18.666667,184.468279,237.989046
18.708333,172.163912,235.924931
18.750000,161.900739,233.712604
18.791667,154.344266,232.085780
18.833333,149.169712,230.873230
18.875000,146.674989,230.361200
18.916667,146.847782,230.356769
18.958333,149.809112,230.905011
19.000000,154.959954,232.157907
19.041667,162.770540,234.030640
19.083333,173.323670,236.045195
19.125000,186.036813,238.289113
19.166667,200.968268,240.428604
19.208333,218.025849,242.376264
19.250000,236.573987,243.629953
19.291667,256.540976,244.543406
19.333333,277.536121,244.540937
19.375000,298.973043,243.840435
19.416667,320.337110,242.201154
19.458333,342.062592,239.766590
19.500000,362.602081,236.574402
19.541667,382.132214,232.955587
19.583333,400.166263,229.278652
19.625000,415.971968,225.208946
19.666667,428.936654,221.454795
19.708333,439.923583,218.163861
19.750000,448.097076,215.766673
19.791667,453.025024,213.974594
19.833333,455.024547,213.342145
19.875000,454.032197,213.839962
19.916667,449.614270,215.375565
19.958333,442.226918,217.591852
20.000000,431.806483,220.842197
20.041667,418.333525,224.477618
20.083333,403.079803,228.443547
20.125000,385.345131,232.330534
20.166667,366.529786,235.912695
20.208333,345.930165,239.217149
20.250000,324.818373,241.926004
20.291667,303.417792,243.747696
20.333333,281.990798,244.502191
20.375000,261.456214,244.646174
20.416667,241.612534,244.185535
20.458333,223.768304,242.994088
20.500000,206.912560,241.285260
20.541667,192.440210,239.108854
20.583333,179.478748,236.984461
20.625000,169.084116,235.275957
20.666667,161.070228,233.421598
20.708333,155.213122,232.182840
20.750000,152.102330,231.497487
20.791667,151.398500,231.508525
20.833333,153.492977,231.776620
20.875000,157.904556,232.838497
20.916667,164.699932,234.464890
20.958333,174.327574,236.355535
21.000000,185.951545,238.232718
21.041667,199.832327,240.246367
21.083333,215.471870,242.193240
21.125000,233.458352,243.566592
21.166667,252.621185,244.310261
21.208333,272.489617,244.618142
21.250000,293.199700,244.037712
21.291667,314.250586,242.579015
21.333333,335.374499,240.284357
21.375000,355.470953,237.652884
21.416667,374.472353,234.134462
21.458333,392.075876,230.724925
21.500000,407.875720,226.971213
21.541667,421.502262,223.622467
21.583333,432.903384,220.473303
21.625000,441.368827,217.893133
21.666667,446.750000,216.190222
21.708333,449.535150,215.328253
21.750000,449.212086,215.713330
21.791667,445.523609,216.785892
21.833333,439.022788,218.721563
21.875000,429.772736,221.564669
21.916667,417.793404,224.748594
21.958333,403.561704,228.635549
22.000000,387.428283,232.389495
22.041667,368.961698,235.887785
22.083333,350.175286,239.123364
22.125000,329.700149,241.567142
22.166667,309.071888,243.724678
22.208333,288.508419,244.796195
22.250000,268.672295,245.161964
22.291667,249.534638,244.686460
22.333333,231.283538,243.712597
22.375000,214.847989,242.236537
22.416667,200.046150,240.619602
22.458333,187.392026,238.465545
22.500000,176.963135,236.544401
22.541667,168.040516,235.054098
22.583333,162.069179,233.870834
22.625000,158.303106,233.020557
22.666667,157.042019,232.580041
22.708333,158.166439,232.909732
22.750000,161.882674,233.884038
22.791667,167.938923,235.032680
22.833333,176.673207,236.646820
22.875000,187.171204,238.683465
22.916667,200.011364,240.401515
22.958333,214.895403,242.193427
23.000000,231.578077,243.522717
23.041667,250.002422,244.316230
23.083333,268.977538,244.580994
23.125000,288.640223,244.118353
23.166667,309.364194,242.856690
23.208333,329.559733,241.140351
23.250000,349.306177,238.668172
23.291667,367.993638,235.275190
23.333333,385.256635,232.127919
23.375000,401.233115,228.610022
23.416667,414.996269,225.371883
23.458333,426.051084,222.161184
23.500000,434.826264,219.796630
23.541667,441.038202,218.061740
23.583333,444.045236,217.099519
23.625000,444.327001,217.148532
23.666667,441.900774,217.989555
23.708333,436.182012,219.806576
23.750000,427.834011,222.293821
23.791667,416.985118,225.304680
23.833333,404.080112,228.717605
23.875000,388.651328,232.385364
23.916667,371.735203,235.908641
23.958333,353.044500,238.833437
24.000000,334.332981,241.456738
24.041667,314.196647,243.414356
24.083333,294.079430,244.762789
24.125000,274.784093,245.182860
24.166667,256.187957,245.038078
24.208333,239.020562,244.002970
24.250000,222.494824,243.078675
24.291667,207.861553,241.329187
24.333333,194.482204,239.685189
24.375000,183.594514,237.938286
24.416667,174.994048,236.237637
24.458333,168.205486,235.097829
24.500000,163.716041,234.312628
24.541667,161.896387,233.910929
24.583333,162.419901,234.006995
24.625000,165.275490,234.481206
24.666667,170.536186,235.576742
24.708333,178.022986,237.023432
24.750000,188.204717,238.789497
24.791667,200.139117,240.356113
24.833333,214.165929,241.998894
24.875000,230.045615,243.261128
24.916667,247.278069,244.086064
24.958333,265.540043,244.340909
25.000000,284.585184,244.105038
25.041667,303.858520,243.089499
25.083333,323.985819,241.475704
25.125000,342.841123,239.319803
25.166667,361.261029,236.332181
25.208333,378.674960,233.369539
25.250000,394.061274,230.164998
25.291667,407.714878,227.046038
25.333333,419.226620,224.226426
25.375000,428.121412,221.729247
25.416667,434.522538,220.148772
25.458333,438.223941,218.974473
25.500000,439.067132,218.938494
25.541667,437.147373,219.559434
25.583333,432.696739,221.203476
25.625000,425.020710,223.372781
25.666667,415.385334,226.130763
25.708333,403.005449,229.345106
25.750000,388.563499,232.554896
25.791667,372.635292,235.678941
25.833333,355.106608,238.781296
25.875000,336.695495,241.192520
25.916667,318.030606,243.148687
25.958333,298.633392,244.467314
26.000000,279.713625,245.231345
26.041667,261.413043,245.198980
26.083333,244.077221,244.471298
26.125000,227.796021,243.463755
26.166667,212.903137,242.072361
26.208333,199.939573,240.462517
26.250000,188.766347,238.787380
26.291667,179.701587,237.168707
26.333333,172.652432,236.145239
26.375000,167.992473,235.103786
26.416667,165.509062,234.600816
26.458333,165.260382,234.602020
26.500000,167.436664,234.952052
26.541667,172.266667,235.959820
26.583333,178.803956,237.202267
26.625000,188.160777,238.699205
26.666667,199.255558,240.253577
26.708333,212.241220,241.691396
26.750000,227.334132,242.990416
26.791667,243.971965,243.870390
26.833333,261.666452,244.327323
26.875000,279.750957,244.062101
26.916667,298.952029,243.194421
26.958333,318.378215,241.977629
27.000000,336.649195,239.850598
27.041667,354.670759,237.373030
27.083333,371.658189,234.623398
27.125000,387.116204,231.742461
27.166667,400.816673,228.755698
27.208333,412.203868,226.106572
27.250000,421.542233,223.881473
27.291667,428.005842,221.993379
27.333333,432.316552,221.145935
27.375000,433.476755,220.623225
27.416667,432.206281,221.351914
27.458333,428.060868,222.467308
27.500000,421.375618,224.505838
27.541667,412.541625,227.026353
27.583333,401.025812,229.665457
27.625000,387.685101,232.864837
27.666667,372.687982,235.817538
27.708333,356.306239,238.708616
27.750000,338.662203,241.141901
27.791667,320.383275,243.085148
27.833333,302.312833,244.328597
27.875000,283.629770,245.096407
27.916667,266.018092,245.158365
27.958333,248.925085,244.653121
28.000000,232.835192,243.685409
28.041667,217.977319,242.518031
28.083333,204.919153,241.000228
28.125000,193.461241,239.514208
28.166667,184.400815,237.948822
28.208333,177.086680,236.784661
28.250000,172.033952,235.859439
28.291667,168.948873,235.255414
28.333333,168.472622,235.038129
28.375000,169.941228,235.467521
28.416667,173.890217,236.192342
28.458333,179.965676,237.298645
28.500000,188.630473,238.566112
28.541667,199.035529,240.009532
28.583333,211.556176,241.500322
28.625000,225.486144,242.583888
28.666667,241.383208,243.390527
28.708333,258.452798,243.962830
28.750000,276.380633,243.919304
28.791667,294.785519,243.335782
28.833333,313.109688,242.099153
28.875000,331.506277,240.259518
28.916667,349.390732,238.202550
28.958333,365.532339,235.570421
29.000000,381.004225,232.861396
29.041667,394.493280,230.219057
29.083333,405.932647,227.585380
29.125000,415.210340,225.593474
29.166667,421.963562,223.793843
29.208333,426.734296,222.730784
29.250000,428.316787,222.320500
29.291667,427.688077,222.837556
29.333333,424.211192,223.885307
29.375000,418.349197,225.670831
29.416667,409.978706,227.727641
29.458333,399.578634,230.341398
29.500000,387.175849,233.165079
29.541667,372.756712,235.911759
29.583333,356.997470,238.743887
29.625000,340.649056,240.992786
29.666667,323.211597,242.757897
29.708333,305.167105,244.340999
29.750000,287.821903,244.944027
29.791667,270.299866,245.260598
29.833333,253.761258,244.961756
29.875000,238.121923,244.170921
29.916667,223.662827,242.980352
29.958333,209.883405,241.748019
30.000000,198.936089,240.462511
30.041667,189.485284,238.882274
30.083333,181.940129,237.682395
30.125000,176.609620,236.557047
30.166667,173.275631,236.202144
30.208333,172.276851,235.915499
30.250000,173.320963,236.139607
30.291667,176.587284,236.901464
30.333333,182.308060,237.781447
30.375000,190.274392,238.905880
30.416667,199.990337,240.205927
30.458333,211.777754,241.393040
30.500000,225.226076,242.631770
30.541667,240.516219,243.448997
30.583333,256.822895,243.832416
30.625000,273.752294,243.943078
30.666667,291.547005,243.431156
30.708333,309.623995,242.403422
30.750000,327.391375,240.820560
30.791667,344.357359,238.734850
30.833333,360.868956,236.396180
30.875000,375.668562,234.042648
30.916667,388.987741,231.557074
30.958333,400.678244,229.189621
31.000000,410.142573,226.808709
31.041667,417.151270,225.428403
31.083333,421.723086,224.283015
31.125000,424.098497,224.033426
31.166667,423.913444,224.225606
31.208333,420.764308,224.995628
31.250000,415.758123,226.456077
31.291667,408.285948,228.424218
31.333333,398.293804,230.822117
31.375000,386.822638,233.452336
31.416667,373.208784,236.061823
31.458333,358.159840,238.609956
31.500000,342.437420,240.845142
31.541667,326.033788,242.762183
31.583333,308.494013,244.142608
31.625000,291.699253,244.947935
31.666667,274.600486,245.274514
31.708333,258.424505,245.149655
31.750000,242.812163,244.462298
31.791667,228.633506,243.481698
31.833333,215.615333,242.397257
31.875000,204.410366,240.868073
31.916667,194.774373,239.764157
31.958333,186.931156,238.580318
32.000000,181.220828,237.564509
32.041667,177.753805,236.996691
32.083333,176.344873,236.723264
32.125000,177.194023,236.884860
32.166667,179.745411,237.383934
32.208333,185.112062,238.056886
32.250000,192.318584,239.017915
32.291667,201.728795,240.365471
32.333333,212.766645,241.458200
32.375000,225.425491,242.515158
32.416667,240.237586,243.402183
32.458333,255.874815,243.671680
32.500000,272.361887,243.899323
32.541667,288.940761,243.439410
32.583333,306.543388,242.583884
32.625000,323.857406,241.206015
32.666667,340.378686,239.505186
32.708333,356.302160,237.302975
32.750000,371.105082,234.951407
32.791667,384.255323,232.578947
32.833333,395.731673,230.516932
32.875000,404.824800,228.477400
32.916667,412.073465,226.848317
32.958333,416.914155,225.874306
33.000000,419.402863,225.377809
33.041667,419.529353,225.455920
33.083333,417.076002,226.235986
33.125000,412.665724,227.519693
33.166667,405.399756,229.345614
33.208333,396.697919,231.552854
33.250000,385.596919,233.786592
33.291667,372.802011,236.367065
33.333333,358.790199,238.801655
33.375000,343.911954,240.874250
33.416667,327.821714,242.868120
33.458333,311.140469,243.937690
33.500000,294.467802,245.054792
33.541667,278.074082,245.327105
33.583333,262.110940,245.234206
33.625000,247.344449,244.678156
33.666667,232.995720,243.735977
33.708333,220.226428,242.753415
33.750000,208.822555,241.541508
33.791667,198.834663,240.402039
33.833333,191.358782,239.127979
33.875000,185.358284,238.245130
33.916667,181.487826,237.509542
33.958333,179.457918,237.354447
34.000000,179.786517,237.372515
34.041667,182.409366,237.723997
34.083333,186.995540,238.222387
34.125000,193.666595,239.277338
34.166667,202.313881,240.333405
34.208333,213.060093,241.319721
34.250000,225.243289,242.360886
34.291667,239.603822,243.149257
34.333333,254.214871,243.697122
34.375000,270.080198,243.825134
34.416667,286.415017,243.479167
34.458333,303.384679,242.867495
34.500000,320.089552,241.472015
34.541667,336.241774,239.911711
34.583333,351.720082,238.045902
34.625000,365.748068,235.924563
34.666667,378.979691,233.799350
34.708333,389.887194,231.673625
34.750000,399.826588,229.809187
34.791667,406.588318,228.213843
34.833333,411.802910,227.255281
34.875000,414.426371,226.650460
34.916667,414.876227,226.648908
34.958333,412.938751,227.367900
35.000000,408.841011,228.578679
35.041667,402.584281,230.144364
35.083333,394.234185,232.072476
35.125000,383.785414,234.219420
35.166667,372.006981,236.584303
35.208333,358.442644,238.885714
35.250000,344.224297,240.700794
35.291667,328.858230,242.510111
35.333333,312.884624,243.822246
35.375000,296.580546,244.911312
35.416667,280.612903,245.239505
35.458333,265.098157,245.199423
35.500000,250.609406,244.646361
35.541667,236.772932,244.026304
35.583333,224.207868,243.055878
35.625000,212.160513,241.908910
35.666667,202.564114,240.675348
35.708333,194.725060,239.760798
35.750000,188.646917,238.755794
35.791667,184.570871,237.890767
35.833333,182.338696,237.717289
35.875000,182.366010,237.755351
35.916667,188.671055,238.460395
35.958333,195.003581,239.303771
36.000000,203.091674,240.397393
36.041667,213.178795,241.281681
36.083333,224.931152,242.356141
36.125000,238.448881,243.160360
36.166667,252.870913,243.537439
36.208333,268.076406,243.657641
36.250000,284.146849,243.447899
36.291667,300.153878,242.948294
36.333333,316.399836,241.741379
36.375000,332.343692,240.312410
36.416667,347.329052,238.613456
36.458333,361.239723,236.837200
36.500000,373.596064,234.693650
36.541667,384.928470,232.791895
36.583333,394.294417,231.210065
36.625000,401.515243,229.741167
36.666667,406.782591,228.620094
36.708333,409.588223,228.047754
36.750000,410.372967,228.054065
36.791667,409.078279,228.520287
36.833333,405.193959,229.546538
36.875000,399.559950,231.037874
36.916667,391.697440,232.703315
36.958333,382.372785,234.774895
37.000000,370.772046,236.811002
37.041667,357.922039,238.896123
37.083333,344.322158,240.812379
37.125000,329.641387,242.437270
37.166667,314.439051,243.949045
37.208333,298.779792,244.741101
37.250000,283.319832,245.248119
37.291667,268.418925,245.226788
37.333333,254.000000,244.752724
37.375000,240.394819,244.141804
37.416667,227.498346,243.359427
37.458333,216.308574,242.243994
37.500000,206.644034,241.210723
37.541667,198.473511,240.160026
37.583333,192.611269,239.197423
37.625000,187.903747,238.577950
37.666667,185.852003,238.092525
37.708333,185.532764,238.028815
37.750000,187.271828,238.264044
37.791667,191.225474,238.778737
37.833333,196.964136,239.454488
37.875000,204.565437,240.475026
37.916667,214.300774,241.379628
37.958333,225.570707,242.243056
38.000000,238.477325,242.981191
38.041667,252.221168,243.558929
38.083333,266.940993,243.839601
38.125000,282.124041,243.601120
38.166667,297.768627,243.076780
38.208333,313.761748,242.178071
38.250000,329.021224,240.762003
38.291667,343.705665,239.292693
38.333333,357.167315,237.550891
38.375000,369.757975,235.623173
38.416667,380.741263,233.952177
38.458333,389.712056,232.331485
38.500000,397.169796,230.848776
38.541667,402.482290,229.947488
38.583333,405.425706,229.330946
38.625000,406.695213,229.088114
38.666667,405.416376,229.617074
38.708333,402.204797,230.350574
38.750000,396.958793,231.717586
38.791667,389.593704,233.319203
38.833333,380.611757,235.083739
38.875000,370.117306,237.083423
38.916667,357.755346,239.054962
38.958333,344.806250,240.916810
39.000000,330.812174,242.521957
39.041667,316.026528,243.791694
39.083333,300.971233,244.627351
39.125000,286.161269,245.141970
39.166667,271.678950,245.347308
39.208333,257.178382,244.957560
39.250000,244.136303,244.370124
39.291667,231.778023,243.697104
39.333333,220.379121,242.646374
39.375000,210.765451,241.728980
39.416667,202.707088,240.678517
39.458333,196.495677,239.805015
39.500000,192.253454,239.038860
39.541667,189.817657,238.675075
39.583333,189.250427,238.619241
39.625000,190.889947,238.650370
39.666667,194.364632,239.192632
39.708333,199.540201,239.760888
39.750000,206.951515,240.633020
39.791667,215.954824,241.439730
39.833333,226.636935,242.422111
39.875000,238.967789,242.951684
39.916667,252.313408,243.404546
39.958333,266.243502,243.728218
40.000000,281.163999,243.533777
40.041667,296.098536,243.371264
40.083333,311.249433,242.341991
40.125000,326.147912,241.235754
40.166667,340.414854,239.846738
40.208333,353.594578,238.248100
40.250000,365.837654,236.569136
40.291667,376.614749,234.903739
40.333333,385.530528,233.323845
40.375000,392.916873,231.991543
40.416667,398.069806,231.110698
40.458333,401.597687,230.364932
40.500000,402.864323,230.289762
40.541667,402.211309,230.531518
40.583333,399.302820,231.293140
40.625000,394.358019,232.473339
40.666667,387.700487,233.842618
40.708333,378.905371,235.618713
40.750000,368.840753,237.337115
40.791667,357.357818,239.134450
40.833333,345.128122,240.880491
40.875000,331.680786,242.518559
40.916667,317.373770,243.540765
40.958333,303.238242,244.612747
41.000000,288.298974,245.207687
41.041667,274.063970,245.335239
41.083333,260.460669,245.070242
41.125000,247.396272,244.527402
41.166667,235.448971,243.858756
41.208333,224.571618,242.855214
41.250000,214.652766,241.986172
41.291667,206.794143,241.057267
41.333333,200.356726,240.301231
41.375000,195.869081,239.500536
41.416667,193.360944,239.142275
41.458333,192.619292,238.827571
41.500000,193.959667,239.095391
41.541667,196.878571,239.373319
41.583333,201.990256,239.905105
41.625000,208.718199,240.709705
41.666667,217.575745,241.529263
41.708333,227.521026,242.322330
41.750000,239.499474,242.834770
41.791667,252.108011,243.476643
41.833333,265.796503,243.712871
41.875000,279.670355,243.788518
41.916667,294.457434,243.327035
41.958333,308.998756,242.578271
42.000000,323.479366,241.649646
42.041667,337.015416,240.356423
42.083333,350.264475,238.875724
42.125000,361.891886,237.313467
42.166667,372.385729,235.763064
42.208333,381.366077,234.290947
42.250000,388.398492,233.060549
42.291667,393.874295,232.057214
42.333333,397.432624,231.485607
42.375000,398.816085,231.254815
42.416667,398.335942,231.461392
42.458333,395.682958,232.189970
42.500000,391.487091,233.253012
42.541667,384.799011,234.435512
42.583333,376.837592,236.062798
42.625000,367.514187,237.718865
42.666667,356.401766,239.413830
42.708333,344.534543,240.950372
42.750000,331.642529,242.423102
42.791667,318.211538,243.442529
42.833333,304.226162,244.487998
42.875000,290.064595,245.089900
42.916667,276.244021,245.130425
42.958333,262.822652,244.950378
43.000000,250.280804,244.558036
43.041667,238.062417,243.920379
43.083333,227.316780,243.166703
43.125000,217.887682,242.261569
43.166667,209.854470,241.366543
43.208333,203.535306,240.550421
43.250000,198.955205,239.940700
43.291667,196.121476,239.391986
43.333333,195.185582,239.177175
43.375000,196.121905,239.338649
43.416667,199.158544,239.723070
43.458333,203.739276,240.282695
43.500000,210.347020,240.858274
43.541667,218.505843,241.642321
43.583333,228.387623,242.283295
43.625000,239.941910,242.804816
43.666667,251.848447,243.504618
43.708333,264.988882,243.690791
43.750000,278.528907,243.766862
43.791667,292.803926,243.371887
43.833333,306.954536,242.788676
43.875000,320.688652,241.963987
43.916667,334.370917,240.776368
43.958333,346.646813,239.475444
44.000000,357.920352,238.110669
44.041667,368.179045,236.486219
44.083333,376.900566,235.048668
44.125000,384.165643,233.949163
44.166667,389.571699,233.057107
44.208333,392.998723,232.394468
44.250000,394.617897,232.321035
44.291667,394.364988,232.447206
44.333333,392.209451,233.078118
44.375000,388.164342,233.794465
44.416667,382.489280,234.999357
44.458333,374.851018,236.307709
44.500000,365.913119,237.916612
44.541667,355.319556,239.323472
44.583333,343.902970,241.084488
44.625000,331.653855,242.297882
44.666667,318.850842,243.402926
44.708333,304.866034,244.397263
44.750000,291.660833,245.014400
44.791667,277.942819,245.145590
44.833333,265.276151,244.976877
44.875000,252.873771,244.620867
44.916667,241.042788,244.072563
44.958333,230.526699,243.272286
45.000000,221.113240,242.607143
45.041667,213.323390,241.699741
45.083333,206.979042,240.982464
45.125000,202.380261,240.292245
45.166667,199.488785,239.760897
45.208333,198.464188,239.463558
45.250000,199.222152,239.638819
45.291667,201.833578,240.014690
45.333333,206.415883,240.474399
45.375000,212.520234,241.035878
45.416667,220.210317,241.757937
45.458333,229.958977,242.417636
45.500000,240.535964,242.804159
45.541667,252.097597,243.504637
45.583333,264.931186,243.657603
45.625000,277.663173,243.839447
45.666667,291.530220,243.494083
45.708333,304.786284,242.945260
45.750000,318.905033,242.306591
45.791667,331.455100,241.034280
45.833333,343.702411,239.857234
45.875000,354.821133,238.693613
45.916667,364.943432,237.316782
45.958333,373.127763,235.830141
46.000000,380.378475,234.885215
46.041667,385.690596,233.965155
46.083333,389.047440,233.326019
46.125000,391.019541,233.110663
46.166667,391.061623,233.232682
46.208333,388.645535,233.626158
46.250000,385.056491,234.445321
46.291667,379.298517,235.476682
46.333333,372.203068,236.719369
46.375000,363.812392,238.254549
46.416667,354.145109,239.666163
46.458333,343.284337,241.104929
46.500000,331.255809,242.444300
46.541667,319.111960,243.417067
46.583333,305.868294,244.245822
46.625000,292.507174,244.825000
46.666667,279.799650,245.139108
46.708333,266.929083,244.996747
46.750000,255.368387,244.528621
46.791667,243.556011,244.241960
46.833333,233.500108,243.469838
46.875000,224.319707,242.686317
46.916667,216.391969,241.792862
46.958333,210.275972,241.205226
47.000000,205.974989,240.553412
47.041667,202.873895,240.302947
47.083333,201.798407,240.098282
47.125000,202.430515,240.017162
47.166667,204.815487,240.355876
47.208333,209.370183,240.707728
47.250000,214.724322,241.380033
47.291667,222.686299,241.884687
47.333333,231.320248,242.510950
47.375000,241.867014,243.220395
47.416667,253.109794,243.618216
47.458333,265.414578,243.896825
47.500000,277.568834,243.922807
47.541667,291.003563,243.672605
47.583333,303.912825,243.228206
47.625000,317.094103,242.417189
47.666667,329.694433,241.542905
47.708333,341.309390,240.334791
47.750000,351.916317,239.096686
47.791667,361.703336,237.843961
47.833333,370.169983,236.654107
47.875000,376.645324,235.559183
47.916667,382.350489,234.810932
47.958333,385.682566,234.136344
48.000000,387.691819,233.821958
48.041667,387.782757,233.823303
48.083333,385.748449,234.375615
48.125000,382.554411,235.083709
48.166667,377.031620,236.206926
48.208333,370.393400,237.141418
48.250000,362.224349,238.484190
48.291667,352.961995,239.654070
48.333333,342.560268,241.272668
48.375000,331.160738,242.519306
48.416667,319.403988,243.475293
48.458333,306.621239,244.299389
48.500000,293.901277,244.770946
48.541667,281.221112,245.120330
48.583333,269.093871,245.003021
48.625000,257.225157,244.749296
48.666667,246.334975,244.128293
48.708333,236.424823,243.575393
48.750000,227.541872,243.033198
48.791667,219.805945,242.297240
48.833333,213.787699,241.553340
48.875000,209.298331,240.998098
48.916667,206.340099,240.568351
48.958333,204.992288,240.410379
49.000000,205.897908,240.430126
49.041667,207.740104,240.647047
49.083333,211.797730,241.014448
49.125000,217.635228,241.553612
49.166667,224.664712,242.120419
49.208333,233.348144,242.745724
49.250000,243.129079,243.211806
49.291667,253.986633,243.668964
49.333333,265.561510,243.870934
49.375000,277.367431,244.042157
49.416667,290.191330,243.866194
49.458333,303.155151,243.409548
49.500000,315.280495,242.740920
49.541667,327.555978,241.721589
49.583333,338.836402,240.792678
49.625000,349.324896,239.635062
49.666667,358.301454,238.536128
49.708333,366.795585,237.315220
49.750000,373.197332,236.185052
49.791667,378.389219,235.391553
49.833333,382.240933,234.922587
49.875000,383.921215,234.513060
49.916667,383.844236,234.569146
49.958333,382.656397,234.934104
50.000000,379.015313,235.630583
50.041667,374.494397,236.333190
50.083333,368.025784,237.585948
50.125000,360.386388,238.794960
50.166667,351.437916,240.035599
50.208333,341.306621,241.385258
50.250000,330.585665,242.463194
50.291667,319.250378,243.343135
50.333333,306.939119,244.287781
50.375000,294.464631,244.615567
50.416667,282.478553,244.910745
50.458333,270.807216,244.924210
50.500000,259.384106,244.577441
50.541667,248.823090,244.227273
50.583333,238.872962,243.606183
50.625000,229.883930,242.961869
50.666667,222.821855,242.458865
50.708333,216.536326,241.702088
50.750000,212.175592,241.148194
50.791667,209.254878,240.860731
50.833333,207.835670,240.603918
50.875000,208.332648,240.779469
50.916667,210.542208,240.784314
50.958333,214.313641,241.305026
51.000000,219.346043,241.729192
51.041667,226.435316,242.316983
51.083333,234.563592,242.767619
51.125000,244.036800,243.388877
51.166667,254.530920,243.702999
51.208333,265.641271,243.935852
51.250000,277.199876,244.030766
51.291667,289.073874,243.973646
51.333333,301.807239,243.608273
51.375000,313.561334,242.967498
51.416667,325.277349,242.063555
51.458333,336.151062,241.052809
51.500000,346.298463,239.973900
51.541667,355.263851,238.881766
51.583333,363.021177,237.795002
51.625000,369.801396,236.940567
51.666667,374.791711,236.084170
51.708333,378.260990,235.566787
51.750000,380.219259,235.366984
51.791667,380.496938,235.355861
51.833333,378.945952,235.591113
51.875000,376.105376,236.092525
51.916667,371.698399,236.909779
51.958333,365.883841,237.929919
52.000000,358.300864,239.081210
52.041667,349.979359,240.166846
52.083333,340.006865,241.447114
52.125000,329.667171,242.465096
52.166667,318.952174,243.345435
52.208333,307.036246,244.044013
52.250000,295.277440,244.575488
52.291667,283.315553,244.719580
52.333333,272.196209,244.630627
52.375000,261.012758,244.589198
52.416667,250.781577,244.176747
52.458333,241.104788,243.755422
52.500000,232.972687,243.157950
52.541667,225.411104,242.474677
52.583333,219.494666,241.979084
52.625000,215.183843,241.516136
52.666667,212.342970,241.123336
52.708333,211.071146,241.065737
52.750000,211.430443,240.855687
52.791667,213.293850,241.143922
52.833333,217.067497,241.504050
52.875000,222.360206,241.843093
52.916667,228.635649,242.333333
52.958333,236.623058,242.928391
53.000000,245.807442,243.379020
53.041667,255.890648,243.663711
53.083333,266.125419,244.058626
53.125000,277.346146,244.109221
53.166667,288.918519,244.103915
53.208333,300.780755,243.730323
53.250000,312.509850,243.166278
53.291667,323.467133,242.434478
53.333333,334.395881,241.513343
53.375000,344.024699,240.498628
53.416667,352.693497,239.323660
53.458333,360.265483,238.376030
53.500000,366.724585,237.528711
53.541667,371.584778,236.770190
53.583333,375.033418,236.297573
53.625000,376.806992,235.908051
53.666667,377.154272,235.955892
53.708333,376.087839,236.101090
53.750000,372.935073,236.698918
53.791667,368.746503,237.468044
53.833333,363.002146,238.261803
53.875000,347.841510,240.350683
53.916667,338.687232,241.517781
53.958333,328.738218,242.521637
54.000000,318.438159,243.320069
54.041667,306.767144,244.089297
54.083333,295.565554,244.469107
54.125000,284.108830,244.629891
54.166667,272.826336,244.809584
54.208333,262.384811,244.583369
54.250000,252.276614,244.209524
54.291667,243.297989,243.762751
54.333333,235.040419,243.266597
54.375000,228.102147,242.760892
54.416667,222.572587,242.220882
54.458333,218.177207,241.791901
54.500000,215.205112,241.497011
54.541667,214.176872,241.405668
54.583333,214.452097,241.410773
54.625000,216.324529,241.524161
54.666667,219.676568,241.794761
54.708333,224.853572,242.210789
54.750000,231.021887,242.713401
54.791667,238.665914,243.234497
54.833333,247.291908,243.672172
54.875000,256.708861,244.056236
54.916667,267.260516,244.165764
54.958333,277.761380,244.266265
55.000000,288.850840,244.231092
55.041667,300.397003,243.884128
55.083333,311.809392,243.295793
55.125000,322.547030,242.501585
55.166667,332.542990,241.708810
55.208333,341.909148,240.858769
55.250000,350.505115,239.807545
55.291667,357.533700,238.912952
55.333333,363.638588,238.075941
55.375000,368.569528,237.336481
55.416667,371.998507,236.773629
55.458333,373.894319,236.430225
55.500000,374.373842,236.343676
55.541667,372.946908,236.686994
55.583333,370.452090,237.293248
55.625000,366.700967,237.871536
55.666667,360.822839,238.619637
55.708333,354.305782,239.697645
55.750000,346.440692,240.655268
55.791667,337.823492,241.574834
55.833333,328.076791,242.620107
55.875000,317.854839,243.381935
55.916667,307.066110,244.074882
55.958333,296.128894,244.474329
56.000000,285.093564,244.533248
56.041667,274.547563,244.769100
56.083333,264.317440,244.453062
56.125000,254.473717,244.295161
56.166667,245.473053,243.992421
56.208333,237.881190,243.331461
56.250000,230.941948,242.844777
56.291667,225.447219,242.444071
56.333333,221.458273,242.059433
56.375000,218.574912,241.875594
56.416667,217.349325,241.580685
56.458333,217.745256,241.595297
56.500000,219.268082,241.819287
56.541667,222.914968,242.068973
56.583333,227.532821,242.508101
56.625000,233.525242,242.883783
56.666667,240.784881,243.216785
56.708333,249.153544,243.760074
56.750000,258.363922,243.932537
56.791667,268.020825,244.247397
56.833333,278.510149,244.482737
56.875000,289.036142,244.326539
56.916667,300.012642,243.991783
56.958333,310.848511,243.433404
57.000000,321.090407,242.769525
57.041667,330.890472,242.034879
57.083333,339.908455,241.080102
57.125000,347.931414,240.157070
57.166667,355.048822,239.245808
57.208333,361.031117,238.480392
57.250000,365.845515,237.842958
57.291667,368.967189,237.288870
57.333333,370.773464,236.930247
57.375000,371.275165,236.884443
57.416667,370.236123,237.169086
57.458333,367.435545,237.544590
57.500000,363.743235,238.166631
57.541667,358.900579,238.863295
57.583333,352.049254,239.891258
57.625000,344.543634,240.762858
57.666667,336.182979,241.753404
57.708333,327.232768,242.637535
57.750000,317.044534,243.288515
57.791667,306.812672,243.915448
57.833333,296.242146,244.295790
57.875000,285.529077,244.522124
57.916667,275.282682,244.629466
57.958333,265.355982,244.488711
58.000000,256.170773,244.164456
58.041667,247.292004,243.913188
58.083333,239.954489,243.527140
58.125000,233.466959,242.900563
58.166667,228.049990,242.559220
58.208333,224.027449,242.308172
58.250000,221.532468,241.834879
58.291667,220.305962,241.885290
58.333333,220.478386,241.983200
58.375000,222.376898,242.036725
58.416667,225.330519,242.226318
58.458333,229.952038,242.621861
58.500000,235.646475,243.019020
58.541667,242.702356,243.417735
58.583333,250.713604,243.942970
58.625000,259.521133,244.050802
58.666667,268.684558,244.308216
58.708333,278.799666,244.399624
58.750000,289.129715,244.305113
58.791667,299.685775,244.071550
58.833333,309.907144,243.575366
58.875000,319.764181,242.912471
58.916667,329.213206,242.125879
58.958333,337.976685,241.445952
59.000000,345.749467,240.449510
59.041667,352.550234,239.514900
59.083333,358.219523,238.979966
59.125000,362.461115,238.342234
59.166667,366.183390,237.932750
59.208333,367.437155,237.483864
59.250000,368.052924,237.528169
59.291667,367.122445,237.596891
59.333333,364.831924,238.024101
59.375000,361.017600,238.551739
59.416667,356.013534,239.184394
59.458333,350.112780,240.000846
59.500000,342.891903,240.946376
59.541667,334.584418,241.772155
59.583333,325.373714,242.635734
59.625000,315.893141,243.190924
59.666667,305.883706,243.848149
59.708333,295.975661,244.202476
59.750000,285.611261,244.372801
59.791667,275.851613,244.576899
59.833333,265.922729,244.454377
59.875000,256.925911,244.111134
59.916667,249.032045,243.730411
59.958333,241.412223,243.531993
60.000000,235.133154,243.146367
60.041667,230.208469,242.667345
60.083333,226.244435,242.459126
60.125000,223.840139,242.244590
60.166667,222.688718,242.207589
60.208333,223.068440,242.138911
60.250000,224.976538,242.213624
60.291667,228.080648,242.520419
60.333333,232.481140,242.764453
60.375000,237.932059,243.214199
60.416667,244.697101,243.682501
60.458333,252.270941,243.989038
60.500000,260.822062,244.293402
60.541667,269.968443,244.312500
60.583333,279.377461,244.355886
60.625000,289.422730,244.315999
60.666667,299.323269,244.046030
60.708333,309.166597,243.703782
60.750000,319.149216,243.068461
60.791667,327.821542,242.486378
60.833333,336.064184,241.573443
60.875000,343.612700,240.790370
60.916667,350.227149,240.016390
60.958333,355.684288,239.297949
61.000000,359.854842,238.588260
61.041667,362.709007,238.298761
61.083333,364.722524,238.025700
61.125000,365.042735,237.948093
61.166667,363.928601,238.128141
61.208333,361.831284,238.470326
61.250000,358.341062,238.905354
61.291667,353.650338,239.516047
61.333333,347.618292,240.164753
61.375000,340.590102,241.062435
61.416667,332.982562,241.926718
61.458333,324.292285,242.683671
61.500000,314.942649,243.261314
61.541667,305.603936,243.771823
61.583333,295.731672,244.144533
61.625000,286.112890,244.299168
61.666667,276.495965,244.547072
61.708333,267.166769,244.394331
61.750000,258.993178,244.101923
61.791667,250.711239,244.008409
61.833333,243.820285,243.580872
61.875000,237.923376,243.161831
61.916667,232.983977,242.804643
61.958333,229.303733,242.654635
62.000000,226.763781,242.466517
62.041667,225.730534,242.412352
62.083333,225.944241,242.464387
62.125000,227.824990,242.532417
62.166667,230.716421,242.834562
62.208333,234.858693,243.099939
62.250000,240.359646,243.539571
62.291667,246.948628,243.990097
62.333333,254.412846,244.178232
62.375000,262.450956,244.435993
62.416667,271.237056,244.480765
62.458333,280.329479,244.542893
62.500000,289.881424,244.304549
62.541667,299.291535,244.229892
62.583333,308.984829,243.717236
62.625000,318.318413,243.294654
62.666667,326.863733,242.610209
62.708333,334.865630,241.775128
62.750000,341.788116,241.152886
62.791667,348.043111,240.421809
62.833333,353.504472,239.613501
62.875000,357.251110,239.077996
62.916667,360.366702,238.652055
62.958333,362.006336,238.437592
63.000000,362.338419,238.402840
63.041667,361.562275,238.432421
63.083333,359.318874,238.830300
63.125000,356.052286,239.089119
63.166667,351.235269,239.865381
63.208333,345.646070,240.621059
63.250000,338.884414,241.357458
63.291667,331.398826,242.065003
63.333333,323.171561,242.652863
63.375000,314.408629,243.161379
63.416667,305.227225,243.788417
63.458333,295.895912,244.138854
63.500000,286.600292,244.444375
63.541667,276.986361,244.488737
63.583333,268.387890,244.263691
63.625000,260.315768,244.221620
63.666667,252.645979,243.857938
63.708333,245.700984,243.667760
63.750000,240.237435,243.193175
63.791667,235.192704,243.149217
63.833333,231.888866,242.992659
63.875000,229.925118,242.706439
63.916667,228.726785,242.696038
63.958333,229.253942,242.740664
64.000000,230.681781,242.819245
64.041667,233.688181,243.080370
64.083333,237.734084,243.350870
64.125000,243.044745,243.747555
64.166667,249.098137,244.038509
64.208333,256.170914,244.162005
64.250000,264.252150,244.420810
64.291667,272.379086,244.620285
64.333333,281.134664,244.630882
64.375000,290.470538,244.520560
64.416667,299.587695,244.243324
64.458333,308.562168,243.945377
64.500000,317.519966,243.369635
64.541667,325.789044,242.668528
64.583333,333.356106,242.080700
64.625000,340.177139,241.290157
64.666667,346.104300,240.613453
64.708333,351.140119,240.038969
64.750000,355.076956,239.467326
64.791667,357.928112,239.039056
64.833333,359.253398,238.723237
64.875000,359.956624,238.675427
64.916667,359.034188,238.942735
64.958333,356.629121,239.153423
65.000000,353.627075,239.459132
65.041667,348.938465,240.057781
65.083333,343.709528,240.841273
65.125000,337.041079,241.382136
65.166667,329.710427,242.070980
65.208333,321.942797,242.776866
65.250000,313.320050,243.259228
65.291667,304.278531,243.776758
65.333333,295.455479,244.061596
65.375000,286.553209,244.277023
65.416667,277.500104,244.401205
65.458333,269.016904,244.249021
65.500000,261.185974,244.072404
65.541667,254.007577,244.044235
65.583333,247.472308,243.687667
65.625000,241.902359,243.484308
65.666667,237.899877,243.090872
65.708333,234.001839,243.054750
65.750000,232.418902,242.905076
65.791667,231.307899,242.861827
65.833333,231.710300,242.989741
65.875000,233.382292,242.941663
65.916667,236.322520,243.174550
65.958333,240.143421,243.504566
66.000000,245.304148,243.844278
66.041667,251.137659,244.233313
66.083333,258.032739,244.398111
66.125000,265.466095,244.666178
66.166667,273.535511,244.586091
66.208333,282.119139,244.654731
66.250000,290.945980,244.589536
66.291667,299.604292,244.345494
66.333333,308.166063,243.902366
66.375000,316.606785,243.455729
66.416667,324.633869,243.009432
66.458333,331.759184,242.204082
66.500000,338.464370,241.485127
66.541667,344.122154,240.855501
66.583333,348.774331,240.318317
66.625000,352.665093,239.624115
66.666667,355.425536,239.287554
66.708333,356.632701,239.023236
66.750000,356.878054,239.004886
66.791667,356.087344,239.122536
66.833333,354.109068,239.461425
66.875000,350.943917,239.846932
66.916667,346.533670,240.285564
66.958333,341.082039,240.981536
67.000000,335.251899,241.508439
67.041667,328.016572,242.170967
67.083333,320.250314,242.722013
67.125000,312.248895,243.232064
67.166667,303.650326,243.759731
67.208333,294.950933,244.158524
67.250000,286.317345,244.236717
67.291667,277.707129,244.276242
67.333333,269.796635,244.368151
67.375000,262.220670,244.098212
67.416667,255.394410,243.915528
67.458333,249.251293,243.785522
67.500000,243.908584,243.555303
67.541667,239.871636,243.273292
67.583333,236.771440,242.965075
67.625000,234.541838,243.049016
67.666667,233.866104,242.992596
67.708333,234.155820,243.124615
67.750000,236.026706,243.253703
67.791667,238.951154,243.591977
67.833333,242.771208,243.729001
67.875000,247.506229,244.023463
67.916667,253.306492,244.247607
67.958333,260.023865,244.468004
68.000000,267.018379,244.718672
68.041667,275.030733,244.649428
68.083333,282.996601,244.705757
68.125000,291.434112,244.595029
68.166667,299.771159,244.334690
68.208333,308.167165,243.894827
68.250000,316.076692,243.476047
68.291667,323.609505,242.938129
68.333333,330.546633,242.432760
68.375000,336.983237,241.560714
68.416667,342.415098,241.123182
68.458333,346.737243,240.545416
68.500000,350.625398,240.004247
68.541667,352.963224,239.474236
68.583333,354.317255,239.507225
68.625000,354.577151,239.459517
68.666667,353.802924,239.440136
68.708333,351.327945,239.623347
68.750000,348.305550,240.020524
68.791667,344.170035,240.508856
68.833333,339.106655,241.144447
68.875000,333.131486,241.799049
68.916667,326.334167,242.255576
68.958333,319.187434,242.790082
69.000000,311.193318,243.293759
69.041667,303.028084,243.699397
69.083333,294.402930,244.068496
69.125000,286.330935,244.136485
69.166667,278.020429,244.304787
69.208333,270.570841,244.187127
69.250000,263.067333,244.125281
69.291667,256.579478,243.851738
69.333333,250.761836,243.820250
69.375000,246.001230,243.590369
69.416667,241.773200,243.500714
69.458333,239.200902,243.376589
69.500000,237.328389,243.132674
69.541667,236.756896,243.175793
69.583333,237.105035,243.228229
69.625000,239.023795,243.588661
69.666667,241.362810,243.715702
69.708333,245.245997,243.876690
69.750000,249.750363,244.121810
69.791667,255.659410,244.271509
69.833333,261.921339,244.487029
69.875000,268.890917,244.686386
69.916667,276.279916,244.814721
69.958333,284.039720,244.772090
70.000000,292.288355,244.528049
70.041667,300.069599,244.412254
70.083333,308.145185,243.987513
70.125000,315.832726,243.519812
70.166667,323.055484,242.985861
70.208333,329.651044,242.409885
70.250000,335.583847,241.781722
70.291667,340.637513,241.265753
70.333333,345.060440,240.674768
70.375000,348.297138,240.323864
70.416667,350.894302,239.887312
70.458333,351.857655,239.628849
70.500000,351.996423,239.598990
70.541667,351.153005,239.713535
70.583333,349.267857,240.083056
70.625000,345.944433,240.344641
70.666667,341.898998,240.791319
70.708333,337.064659,241.188079
70.750000,331.025005,241.877474
70.791667,324.600374,242.366341
70.833333,317.529619,242.942833
70.875000,309.854257,243.358689
70.916667,302.234563,243.708869
70.958333,293.995434,244.150062
71.000000,286.284306,244.058135
71.041667,278.524876,244.167703
71.083333,271.139697,244.164277
71.125000,264.463254,244.013006
71.166667,257.948255,244.066324
71.208333,252.460324,243.754972
71.250000,247.896038,243.772672
71.291667,244.191459,243.527336
71.333333,241.311391,243.486587
71.375000,239.823602,243.403934
71.416667,239.229339,243.493388
71.458333,239.869475,243.540361
71.500000,241.177273,243.692975
71.541667,244.211358,243.908467
71.583333,248.147799,244.006918
71.625000,252.350925,244.208602
71.666667,257.892647,244.501050
71.708333,264.099958,244.654882
71.750000,270.994512,244.948924
71.791667,277.801438,244.778600
71.833333,292.866794,244.724058
71.875000,300.676540,244.411677
71.916667,308.264974,244.085503
71.958333,315.650794,243.507508
72.000000,322.601497,243.086845
72.041667,328.819829,242.634755
72.083333,334.696311,241.981659
72.125000,339.371581,241.316667
72.166667,343.624254,241.026215
72.208333,346.427731,240.446639
72.250000,348.381452,240.182333
72.291667,349.828302,239.997065
72.333333,349.804745,239.917909
72.375000,348.806813,240.053178
72.416667,346.634269,240.281944
72.458333,343.699312,240.435507
72.500000,339.740510,240.918274
72.541667,334.871608,241.362422
72.583333,329.236651,242.001247
72.625000,322.892739,242.489834
72.666667,315.788677,242.957279
72.708333,308.760505,243.316498
72.750000,301.177390,243.837205
72.791667,293.349938,243.989090
72.833333,285.720664,244.004710
72.875000,278.380657,244.216987
72.916667,271.395559,244.160156
72.958333,264.961028,244.124056
73.000000,259.160943,243.992139
73.041667,253.832416,243.917227
73.083333,249.441231,243.837128
73.125000,246.102053,243.752977
73.166667,243.625979,243.703711
73.208333,241.905494,243.613776
73.250000,241.475349,243.560600
73.291667,242.234113,243.790520
73.333333,244.065327,243.907035
73.375000,246.685981,244.058567
73.416667,250.017206,244.236111
73.458333,254.947005,244.380603
73.500000,260.102088,244.495676
73.541667,265.721373,244.760310
73.583333,272.275243,244.833122
73.625000,279.221751,244.807293
73.666667,286.555107,244.726481
73.708333,293.733348,244.584757
73.750000,301.037519,244.404818
73.791667,308.191164,244.081351
73.833333,315.394142,243.476631
73.875000,321.789428,243.055866
73.916667,327.960964,242.612415
73.958333,333.160643,242.170577
74.000000,337.957392,241.515339
74.041667,341.585034,241.124575
74.083333,344.490336,240.776471
74.125000,346.407845,240.312105
74.166667,347.384095,240.270939
74.208333,347.309918,240.252254
74.250000,346.235257,240.245713
74.291667,344.310123,240.338807
74.333333,341.003508,240.703467
74.375000,337.527459,241.179578
74.416667,332.616691,241.692897
74.458333,327.225396,242.077565
74.500000,321.106489,242.619800
74.541667,314.339040,242.974113
74.583333,307.230546,243.351200
74.625000,300.022567,243.635197
74.666667,292.682962,244.039810
74.708333,285.392537,244.081770
74.750000,278.236647,244.199055
74.791667,271.734555,244.032331
74.833333,265.314368,244.244986
74.875000,260.016715,244.028064
74.916667,255.049456,243.949313
74.958333,250.864859,243.873280
75.000000,247.834394,243.816745
75.041667,245.547244,243.755491
75.083333,244.426736,243.692642
75.125000,244.063723,243.898167
75.166667,244.812007,243.922518
75.208333,246.588884,243.959201
75.250000,249.155574,244.047421
75.291667,252.507625,244.323585
75.333333,256.724347,244.488819
75.375000,262.035805,244.692713
75.416667,267.637822,244.830519
75.458333,274.220635,244.766787
75.500000,280.603790,244.832872
75.541667,287.541862,244.662324
75.583333,294.601626,244.625374
75.625000,301.745795,244.409197
75.666667,308.317833,244.085324
75.708333,315.164192,243.587476
75.750000,321.439045,243.109654
75.791667,327.070815,242.753648
75.833333,331.897885,242.142918
75.875000,336.281871,241.760410
75.916667,340.024592,241.148823
75.958333,342.698811,241.033347
76.000000,344.375419,240.668205
76.041667,345.247571,240.563583
76.083333,345.002091,240.329500
76.125000,343.971584,240.439616
76.166667,341.702860,240.646705
76.208333,338.881434,241.001459
76.250000,335.207279,241.381092
76.291667,330.369687,241.748911
76.333333,325.058762,242.313331
76.375000,319.400751,242.581109
76.416667,313.029338,243.013525
76.458333,305.968589,243.322587
76.500000,299.070303,243.623185
76.541667,292.036839,243.907388
76.583333,284.978723,243.974632
76.625000,278.279934,244.165979
76.666667,272.128906,244.082237
76.708333,266.023673,244.158571
76.750000,261.040535,244.123663
76.791667,256.333539,244.052372
76.833333,252.575814,243.976720
76.875000,249.485433,243.932294
76.916667,247.523465,243.922473
76.958333,246.730346,243.874300
77.000000,246.657785,243.937760
77.041667,247.115281,244.002073
77.083333,249.020183,244.174157
77.125000,251.511875,244.255833
77.166667,255.298127,244.435514
77.208333,259.393031,244.707920
77.250000,264.419797,244.783875
77.291667,269.678398,244.868072
77.333333,275.738302,244.988990
77.375000,282.197388,244.920574
77.416667,288.774118,244.697968
77.458333,295.573615,244.499246
77.500000,302.447857,244.397739
77.541667,308.822442,244.046432
77.583333,315.012631,243.533291
77.625000,321.030088,243.194283
77.666667,326.264687,242.649629
77.708333,330.884624,242.279533
77.750000,335.134312,241.882503
77.791667,338.370699,241.419042
77.833333,340.635639,241.094549
77.875000,342.591216,240.865498
77.916667,343.150052,240.672100
77.958333,343.032666,240.667650
78.000000,341.650260,240.724403
78.041667,339.642366,241.006874
78.083333,336.548313,241.218034
78.125000,332.943106,241.572051
78.166667,328.341418,241.961235
78.208333,323.094842,242.329243
78.250000,317.353922,242.728227
78.291667,311.449917,243.067404
78.333333,304.683657,243.427156
78.375000,298.059311,243.678557
78.416667,291.385694,243.935065
78.458333,284.711987,244.068496
78.500000,278.371867,244.240315
78.541667,272.354766,244.188373
78.583333,266.949013,244.092311
78.625000,262.001231,244.219737
78.666667,257.769992,244.095837
78.708333,254.125307,244.015127
78.750000,251.340702,244.077686
78.791667,249.500828,243.996068
78.833333,248.883919,243.929478
78.875000,248.930587,244.065440
78.916667,249.402781,244.228471
78.958333,251.299916,244.261069
79.000000,254.198115,244.444817
79.041667,257.362568,244.652119
79.083333,261.627814,244.685041
79.125000,266.555320,244.871344
79.166667,271.653455,244.866257
79.208333,277.464112,245.066271
79.250000,283.569755,244.842173
79.291667,290.118950,244.755646
79.333333,296.483197,244.511848
79.375000,303.026772,244.320411
79.416667,308.936566,244.187527
79.458333,314.855867,243.553784
79.500000,320.515859,243.254393
79.541667,325.636557,242.635494
79.583333,329.977002,242.294506
79.625000,334.138501,242.042990
79.666667,337.022810,241.516734
79.708333,339.167869,241.310908
79.750000,340.449372,241.087029
79.791667,340.960661,240.848085
79.833333,340.673691,240.847903
79.875000,339.431377,240.914142
79.916667,337.452172,241.238304
79.958333,334.496470,241.466570
80.000000,330.676665,241.796856
80.041667,326.127276,242.146730
80.083333,321.216615,242.433229
80.125000,315.535320,242.858929
80.166667,309.599546,243.178461
80.208333,303.427863,243.494212
80.250000,296.968179,243.717101
80.291667,290.780372,244.021281
80.333333,284.323912,244.149577
80.375000,278.198069,244.283337
80.416667,272.748714,244.220827
80.458333,267.361942,244.243138
80.500000,262.847214,244.157722
80.541667,259.092734,244.192093
80.583333,255.592814,244.096015
80.625000,253.138243,244.092368
80.666667,251.504355,244.121734
80.708333,250.779369,244.173931
80.750000,250.957354,244.257541
80.791667,251.832358,244.252717
80.833333,253.776222,244.449227
80.875000,256.298680,244.569273
80.916667,259.683956,244.557119
80.958333,263.861944,244.634546
81.000000,268.271083,244.797687
81.041667,273.715230,244.926621
81.083333,279.187245,244.813399
81.125000,284.693912,244.825458
81.166667,291.148995,244.802907
81.208333,297.164269,244.546274
81.250000,303.492636,244.286873
81.291667,309.090909,243.970124
81.333333,314.804524,243.512164
81.375000,319.907447,243.236383
81.416667,324.833898,242.884892
81.458333,329.158635,242.553518
81.500000,332.439737,241.958907
81.541667,335.458114,241.792150
81.583333,337.611427,241.468058
81.625000,338.654890,241.277182
81.666667,338.993273,241.075468
81.708333,338.507101,241.063701
81.750000,337.216256,241.227539
81.791667,335.056379,241.326164
81.833333,331.888335,241.577626
81.875000,328.362487,241.881036
81.916667,324.155320,242.155111
81.958333,319.372994,242.474057
82.000000,313.694919,242.927530
82.041667,308.167876,243.144663
82.083333,302.048811,243.588597
82.125000,296.079842,243.727706
82.166667,289.878619,243.995864
82.208333,283.719117,244.070118
82.250000,277.971269,244.186854
82.291667,272.826149,244.262521
82.333333,267.963930,244.163557
82.375000,263.533512,244.204166
82.416667,260.006639,244.302697
82.458333,256.764706,244.206711
82.500000,254.918554,244.180968
82.541667,253.326999,244.191696
82.583333,252.697795,244.257903
82.625000,252.938618,244.267374
82.666667,254.218167,244.494021
82.708333,255.947024,244.473407
82.750000,258.791658,244.664408
82.791667,262.059270,244.691415
82.833333,265.836390,244.840186
82.875000,270.764369,244.956310
82.916667,275.616485,245.074525
82.958333,280.757292,245.055354
83.000000,286.755551,244.846712
83.041667,292.276732,244.720060
83.083333,298.165017,244.563468
83.125000,303.912978,244.380748
83.166667,309.689981,243.767003
83.208333,314.848835,243.558264
83.250000,319.939731,243.129087
83.291667,324.418699,242.847026
83.333333,328.273731,242.428966
83.375000,331.297051,242.094632
83.416667,334.219667,241.792783
83.458333,335.923629,241.488819
83.500000,336.845150,241.469177
83.541667,337.275399,241.320319
83.583333,336.304657,241.252245
83.625000,335.021526,241.310972
83.666667,332.765728,241.600993
83.708333,329.707090,241.748964
83.750000,326.246000,242.007895
83.791667,322.069724,242.322474
83.833333,317.292789,242.737257
83.875000,312.155018,242.919257
83.916667,306.532365,243.300207
83.958333,300.648755,243.685270
84.000000,294.619692,243.920000
84.041667,288.738951,244.056382
84.083333,283.106989,244.076245
84.125000,277.744081,244.231007
84.166667,272.822418,244.335044
84.208333,268.313750,244.298701
84.250000,264.516828,244.297130
84.291667,260.933016,244.336779
84.333333,258.357084,244.306338
84.375000,256.290229,244.332432
84.416667,255.312409,244.303441
84.458333,254.954100,244.385562
84.500000,255.266038,244.471069
84.541667,256.288949,244.513735
84.583333,258.428965,244.690028
84.625000,260.768812,244.726682
84.666667,264.333683,244.916370
84.708333,268.027255,244.922882
84.750000,272.465608,245.001693
84.791667,277.211872,245.018800
84.833333,282.436518,244.946285
84.875000,287.788801,244.818608
84.916667,293.648643,244.723873
84.958333,299.087907,244.524228
85.000000,304.507249,244.287420
85.041667,310.229305,243.853476
85.083333,315.057179,243.455089
85.125000,319.493772,243.251003
85.166667,323.675607,242.827455
85.208333,327.565767,242.620573
85.250000,330.355551,242.189024
85.291667,332.622638,241.899412
85.333333,334.385066,241.578749
85.375000,335.013816,241.502407
85.416667,335.046618,241.343392
85.458333,334.482076,241.533556
85.500000,332.846930,241.718995
85.541667,330.454545,241.711847
85.583333,327.696050,241.950936
85.625000,323.926277,242.166186
85.666667,319.838829,242.440231
85.708333,315.037425,242.806087
85.750000,310.047433,243.217454
85.791667,304.708736,243.451799
85.833333,299.152612,243.617236
85.875000,293.501027,244.078439
85.916667,288.076654,244.074188
85.958333,282.815426,244.177562
86.000000,277.556357,244.255718
86.041667,273.046435,244.306760
86.083333,268.913987,244.354086
86.125000,265.056942,244.454714
86.166667,262.037198,244.463939
86.208333,259.574490,244.433000
86.250000,257.967708,244.445208
86.291667,256.852684,244.419476
86.333333,256.652355,244.466236
86.375000,257.045654,244.611215
86.416667,258.622114,244.668291
86.458333,260.607921,244.740360
86.500000,263.249102,244.737587
86.541667,266.432005,244.921147
86.583333,270.584739,245.109401
86.625000,274.629163,244.980145
86.666667,279.353557,244.835719
86.708333,284.134726,244.872096
86.750000,289.475262,244.712786
86.791667,294.992688,244.589032
86.833333,299.987859,244.479446
86.875000,305.349679,244.111135
86.916667,310.625671,243.831080
86.958333,315.099404,243.532567
87.000000,319.386503,243.168183
87.041667,323.401064,242.765957
87.083333,326.730437,242.423961
87.125000,329.299811,242.169221
87.166667,331.309809,241.785969
87.208333,332.588506,241.825496
87.250000,333.401961,241.629328
87.291667,333.190052,241.697824
87.333333,332.180379,241.562591
87.375000,330.614363,241.672893
87.416667,328.458333,241.981436
87.458333,325.345679,242.103909
87.500000,322.026343,242.403651
87.541667,317.895636,242.630918
87.583333,312.974743,243.004517
87.625000,308.410219,243.070335
87.666667,303.300000,243.468595
87.708333,297.600778,243.748669
87.750000,292.651797,243.895704
87.791667,287.365596,244.114819
87.833333,282.202099,244.304589
87.875000,277.355071,244.265172
87.916667,273.062913,244.440388
87.958333,269.226669,244.418828
88.000000,265.612963,244.546502
88.041667,263.015496,244.422107
88.083333,260.861762,244.509223
88.125000,259.400084,244.433493
88.166667,258.790546,244.539706
88.208333,258.728742,244.546714
88.250000,259.219080,244.664837
88.291667,260.630860,244.741644
88.333333,262.563434,244.811277
88.375000,265.163385,244.875786
88.416667,268.416913,244.952973
88.458333,272.230395,245.003805
88.500000,276.433898,245.131568
88.541667,280.949523,245.000848
88.583333,285.737076,244.843220
88.625000,290.883376,244.776081
88.666667,295.843943,244.530126
88.708333,300.921673,244.367650
88.750000,305.862903,243.998302
88.791667,310.840496,243.815908
88.833333,315.094580,243.413390
88.875000,319.242681,243.193042
88.916667,322.801527,242.773325
88.958333,325.668755,242.481203
89.000000,328.154039,242.323106
89.041667,330.017126,241.976608
89.083333,330.909698,241.675495
89.125000,331.452361,241.648767
89.166667,331.115864,241.650540
89.208333,330.222613,241.721060
89.250000,328.541247,241.925530
89.291667,326.014365,242.039196
89.333333,323.193175,242.176215
89.375000,319.747936,242.425888
89.416667,315.500310,242.795657
89.458333,311.292819,243.085638
89.500000,306.552469,243.368724
89.541667,301.654255,243.508797
89.583333,296.486486,243.788735
89.625000,291.382043,243.979773
89.666667,286.615258,244.200206
89.708333,281.536949,244.290416
89.750000,277.188788,244.352844
89.791667,269.669147,244.518289
89.833333,266.451560,244.596778
89.875000,264.248010,244.408672
89.916667,262.039347,244.552532
89.958333,260.751515,244.628840
90.000000,260.276354,244.513860
90.041667,260.356406,244.555018
90.083333,261.038871,244.722466
90.125000,262.489254,244.705647
90.166667,264.728824,244.866414
90.208333,267.359524,245.024846
90.250000,270.685997,244.986293
90.291667,274.401748,245.013214
90.333333,278.282807,244.919016
90.375000,282.696732,244.791171
90.416667,287.419341,244.779596
90.458333,292.143131,244.603195
90.500000,296.968863,244.516840
90.541667,302.126954,244.257921
90.583333,306.688112,244.023221
90.625000,311.203426,243.743255
90.666667,315.087381,243.390880
90.708333,319.076062,243.196493
90.750000,322.297760,242.750211
90.791667,324.996012,242.483417
90.833333,327.430071,242.356363
90.875000,328.505599,241.952924
90.916667,329.579593,241.896924
90.958333,329.891173,241.872066
91.000000,329.273180,241.847749
91.041667,328.424443,241.929191
91.083333,326.529668,241.957261
91.125000,324.038533,242.164022
91.166667,321.030709,242.311006
91.208333,317.680156,242.639071
91.250000,313.395636,242.830795
91.291667,309.297519,243.174082
91.333333,304.621461,243.465942
91.375000,300.043649,243.643773
91.416667,295.251400,243.948766
91.458333,290.513603,244.089927
91.500000,285.713495,244.198728
91.541667,281.300872,244.314992
91.583333,277.054752,244.372521
91.625000,273.251289,244.409738
91.666667,270.114971,244.544251
91.708333,267.106929,244.602689
91.750000,265.014321,244.669365
91.791667,263.380822,244.583928
91.833333,262.255780,244.613913
91.875000,261.906821,244.563903
91.916667,262.336294,244.672377
91.958333,263.267484,244.694063
92.000000,264.726699,244.827898
92.041667,266.738691,244.977278
92.083333,269.622681,245.056071
92.125000,272.475960,245.002741
92.166667,276.226299,245.044115
92.208333,280.287266,244.903748
92.250000,284.363578,244.821717
92.291667,289.159321,244.717480
92.333333,293.721938,244.585147
92.375000,298.143069,244.556825
92.416667,303.112975,244.260140
92.458333,307.301408,243.914036
92.500000,311.568114,243.719029
92.541667,315.351762,243.332560
92.583333,318.992179,243.031494
92.625000,321.964775,242.710399
92.666667,324.247970,242.475536
92.708333,326.297433,242.398455
92.750000,327.737490,242.185363
92.791667,328.288713,242.045521
92.833333,328.413251,242.031677
92.875000,327.835722,242.049221
92.916667,326.369704,241.984914
92.958333,324.240779,242.248975
93.000000,322.141942,242.338223
93.041667,319.320240,242.509820
93.083333,315.575820,242.718383
93.125000,311.879810,242.958420
93.166667,307.667626,243.263677
93.208333,303.162997,243.502984
93.250000,298.509901,243.664604
93.291667,293.825227,244.025763
93.333333,289.404609,244.082832
93.375000,284.934527,244.233272
93.416667,280.872596,244.215719
93.458333,276.919892,244.458083
93.500000,273.494914,244.528130
93.541667,270.704018,244.565244
93.583333,267.922740,244.472124
93.625000,265.942779,244.706770
93.666667,264.520267,244.559131
93.708333,263.928061,244.671435
93.750000,263.626746,244.642404
93.791667,264.086636,244.864250
93.833333,265.051839,244.863294
93.875000,266.663373,244.960261
93.916667,268.726737,244.857053
93.958333,271.589852,244.905497
94.000000,274.776765,244.966716
94.041667,278.180456,245.069016
94.083333,282.086522,244.919643
94.125000,286.441644,244.737132
94.166667,290.681828,244.824230
94.208333,295.125240,244.505654
94.250000,299.373331,244.446470
94.291667,303.727427,244.177627
94.333333,308.138179,243.984999
94.375000,311.873418,243.658861
94.416667,315.399028,243.189903
94.458333,318.843105,243.123305
94.500000,321.406676,242.830989
94.541667,323.681847,242.544182
94.583333,325.189705,242.409091
94.625000,326.315571,242.160896
94.666667,326.723518,242.155482
94.708333,326.661167,242.082904
94.750000,325.888546,242.095826
94.791667,324.383436,242.132720
94.833333,322.600825,242.319794
94.875000,319.951815,242.418085
94.916667,317.157841,242.664077
94.958333,313.319027,242.857347
95.000000,309.743160,243.275623
95.041667,305.794535,243.415862
95.083333,301.539783,243.622418
95.125000,297.111020,243.828836
95.166667,292.738898,244.072985
95.208333,288.382085,244.050476
95.250000,284.216663,244.278478
95.291667,280.429458,244.316715
95.333333,276.724195,244.535508
95.375000,273.586736,244.546943
95.416667,270.967179,244.497507
95.458333,268.444375,244.552310
95.500000,266.779805,244.749533
95.541667,265.426617,244.643449
95.583333,265.064644,244.759094
95.625000,265.027500,244.859583
95.666667,265.526404,244.812565
95.708333,266.798621,244.873616
95.750000,268.487115,244.935051
95.791667,271.070260,244.954488
95.833333,273.595374,245.055379
95.875000,276.579920,244.964503
95.916667,280.122302,244.853788
95.958333,283.785035,244.870006
96.000000,287.887460,244.665332
96.041667,292.154628,244.572548
96.083333,296.339515,244.551949
96.125000,300.374895,244.306981
96.166667,304.595951,244.154787
96.208333,308.439188,243.908101
96.250000,312.152489,243.550095
96.291667,315.524388,243.173540
96.333333,318.478920,243.028660
96.375000,320.823335,242.742656
96.416667,322.768879,242.521115
96.458333,324.258218,242.328096
96.500000,325.078795,242.367574
96.541667,325.313196,242.236701
96.583333,324.985576,242.173913
96.625000,324.056623,242.209321
96.666667,322.534210,242.318882
96.708333,320.359772,242.387431
96.750000,317.973149,242.590521
96.791667,314.769562,242.827939
96.833333,311.697219,243.050875
96.875000,307.965835,243.204787
96.916667,303.962431,243.406077
96.958333,299.797868,243.683272
97.000000,295.677679,243.924427
97.041667,291.444330,244.115044
97.083333,287.396562,244.157175
97.125000,283.312216,244.229055
97.166667,279.974710,244.332504
97.208333,276.585871,244.531386
97.250000,273.581333,244.561258
97.291667,271.216604,244.510404
97.333333,268.977961,244.666323
97.375000,267.704979,244.651245
97.416667,266.642842,244.787456
97.458333,266.224761,244.970295
97.500000,266.589963,244.948355
97.541667,267.166354,244.878883
97.583333,268.528377,244.853194
97.625000,270.535804,244.969012
97.666667,272.566939,244.881626
97.708333,275.365429,245.044053
97.750000,278.559158,244.912842
97.791667,281.952211,244.963368
97.833333,285.814139,244.743025
97.875000,289.607694,244.692243
97.916667,293.536873,244.599241
97.958333,297.334798,244.383344
98.000000,301.684758,244.186733
98.041667,305.597175,243.942243
98.083333,309.069996,243.767865
98.125000,312.500000,243.560720
98.166667,315.518728,243.105043
98.208333,318.371068,242.997310
98.250000,320.206911,242.690048
98.291667,322.165457,242.518972
98.333333,323.190348,242.419635
98.375000,323.840601,242.247840
98.416667,323.844590,242.199959
98.458333,323.470166,242.208735
98.500000,322.438654,242.275339
98.541667,320.607564,242.368442
98.583333,318.684663,242.507566
98.625000,316.051735,242.595976
98.666667,313.003071,242.919943
98.708333,309.558447,243.187640
98.750000,306.048069,243.270337
98.791667,302.244196,243.569246
98.833333,298.013101,243.684340
98.875000,294.205738,244.143648
98.916667,290.368683,244.100249
98.958333,286.523537,244.229840
99.000000,282.843756,244.307534
99.041667,279.538398,244.412619
99.083333,276.479046,244.680083
99.125000,273.782899,244.653597
99.166667,271.544013,244.490822
99.208333,269.858321,244.696638
99.250000,268.556180,244.641490
99.291667,267.928213,244.654458
99.333333,267.750210,244.731108
99.375000,268.034179,244.767666
99.416667,268.854758,244.830342
99.458333,270.517162,245.035161
99.500000,272.269077,244.993483
99.541667,274.705448,245.035684
99.583333,277.207345,244.894858
99.625000,280.375237,244.901874
99.666667,283.769474,244.841672
99.708333,287.505044,244.738966
99.750000,291.222715,244.719443
99.791667,295.090619,244.494788
99.833333,298.819827,244.408967
99.875000,302.958289,244.032020
99.916667,306.391861,243.906650
99.958333,309.639477,243.675799
100.000000,312.813045,243.428334
100.041667,315.570952,243.068239
100.083333,318.165212,242.982544
100.125000,319.908678,242.716322
100.166667,321.414981,242.475650
100.208333,322.421031,242.448147
100.250000,322.650943,242.322190
100.291667,322.670656,242.312216
100.333333,322.018351,242.402680
100.375000,320.512941,242.329325
100.416667,319.039212,242.493738
100.458333,316.821283,242.691176
100.500000,314.140574,242.868033
100.541667,311.353942,243.084440
100.583333,307.996094,243.194490
100.625000,304.208333,243.500413
100.666667,300.715020,243.764742
100.708333,296.869485,243.817526
100.750000,293.003716,244.158960
100.791667,289.154036,244.285626
100.833333,285.698763,244.190103
100.875000,282.180417,244.520417
100.916667,279.220151,244.498324
100.958333,276.432917,244.723958
101.000000,274.051126,244.675573
101.041667,272.098639,244.628063
101.083333,270.771094,244.692565
101.125000,269.670371,244.836653
101.166667,268.947795,244.882280
101.208333,268.990756,244.775630
101.250000,269.730155,245.013860
101.291667,270.930816,244.896646
101.333333,272.107264,245.064823
101.375000,274.330777,245.069223
101.416667,276.544727,245.063776
101.458333,279.346809,244.934681
101.500000,282.313842,244.862003
101.541667,285.848337,244.846854
101.583333,289.083476,244.745077
101.625000,292.810805,244.607627
101.666667,296.486699,244.493722
101.708333,300.103149,244.401818
101.750000,303.646414,244.101266
101.791667,307.075703,243.795728
101.833333,310.522492,243.543823
101.875000,312.958055,243.283598
101.916667,315.598612,242.950378
101.958333,318.109996,242.996654
102.000000,319.511097,242.684464
102.041667,320.515664,242.616035
102.083333,321.435289,242.567208
102.125000,321.581308,242.516511
102.166667,321.200206,242.414227
102.208333,320.154953,242.415125
102.250000,319.256384,242.531244
102.291667,317.160484,242.720639
102.333333,314.775460,242.852097
102.375000,312.252377,243.014675
102.416667,309.173769,243.200869
102.458333,306.063393,243.267868
102.500000,302.685120,243.684915
102.541667,298.896802,243.907600
102.583333,295.432342,244.089443
102.625000,291.677164,244.260688
102.666667,288.017058,244.214479
102.708333,284.598291,244.372316
102.750000,281.430208,244.449375
102.791667,278.691794,244.570683
102.833333,276.322052,244.669960
102.875000,274.360853,244.754856
102.916667,272.373580,244.804375
102.958333,271.390002,244.852774
103.000000,270.589717,244.803568
103.041667,270.413764,244.973823
103.083333,270.641422,244.932304
103.125000,271.274094,244.898115
103.166667,272.060779,245.045532
103.208333,273.935373,245.018832
103.250000,275.919513,245.083476
103.291667,278.225265,244.845860
103.333333,281.000212,245.037375
103.375000,283.961019,244.833797
103.416667,287.403524,244.748886
103.458333,290.844236,244.835926
103.500000,294.228093,244.518353
103.541667,297.809534,244.332198
103.583333,301.212811,244.253266
103.625000,304.493350,244.042432
103.666667,307.859898,243.702416
103.708333,310.954728,243.468162
103.750000,313.181970,243.263564
103.791667,315.471761,242.998530
103.833333,317.529838,243.023829
103.875000,319.135146,242.684519
103.916667,319.721726,242.613820
103.958333,320.037374,242.568449
104.000000,320.036510,242.533210
104.041667,319.620368,242.554544
104.083333,318.840058,242.619491
104.125000,317.261690,242.671452
104.166667,315.165773,242.801856
104.208333,312.925026,242.971370
104.250000,310.440520,243.124742
104.291667,307.296005,243.278410
104.333333,304.183834,243.478342
104.375000,300.690194,243.824276
104.416667,297.301390,243.977183
104.458333,294.009826,244.179385
104.500000,290.557608,244.250997
104.541667,287.170288,244.465107
104.583333,283.894142,244.481172
104.625000,281.005447,244.588728
104.666667,278.354791,244.682743
104.708333,276.202020,244.666035
104.750000,274.503273,244.708765
104.791667,272.698742,244.663522
104.833333,271.729764,244.828204
104.875000,271.366364,244.759349
104.916667,271.331362,244.881943
104.958333,271.640552,244.923355
105.000000,272.228063,245.011657
105.041667,274.035523,244.950139
105.083333,275.641899,244.995316
105.125000,277.496178,245.014437
105.166667,280.101583,244.926433
105.208333,282.792641,244.724798
105.250000,286.066032,244.837884
105.291667,289.070190,244.787717
105.333333,292.200893,244.496811
105.375000,295.712227,244.410892
105.416667,299.180055,244.366716
105.458333,302.476700,244.124685
105.500000,305.647395,243.894324
105.541667,308.640345,243.659086
105.583333,311.290500,243.533079
105.625000,313.294277,243.164996
105.666667,315.595584,243.003155
105.708333,317.137824,242.890155
105.750000,318.356728,242.893272
105.791667,319.179670,242.680820
105.833333,319.327227,242.533722
105.875000,319.191272,242.528712
105.916667,318.463430,242.592562
105.958333,317.274841,242.797984
106.000000,315.453187,242.805688
106.041667,313.460920,242.939163
106.083333,311.383333,243.137083
106.125000,308.642516,243.221715
106.166667,305.478397,243.486746
106.208333,302.569275,243.729300
106.250000,299.041338,243.837557
106.291667,295.934382,244.011111
106.333333,292.597500,244.166875
106.375000,288.948413,244.370927
106.416667,286.305226,244.427441
106.458333,283.273799,244.516849
106.500000,280.585793,244.625000
106.541667,278.032725,244.727711
106.583333,276.167509,244.651707
106.625000,274.633842,244.883100
106.666667,273.227944,244.865344
106.708333,272.438556,244.736064
106.750000,272.149080,244.991119
106.791667,272.208721,245.000000
106.833333,272.747990,245.053745
106.875000,274.078591,245.095985
106.916667,275.455961,244.972062
106.958333,277.229140,245.022872
107.000000,279.574946,244.926124
107.041667,281.899083,244.925539
107.083333,284.419669,244.675922
107.125000,287.613545,244.737143
107.166667,290.733049,244.749680
107.208333,293.955617,244.517520
107.250000,297.068667,244.412423
107.291667,300.356931,244.312421
107.333333,303.463933,243.953312
107.375000,306.474270,243.804033
107.416667,309.077808,243.663878
107.458333,311.644369,243.430567
107.500000,313.602209,243.149198
107.541667,315.473078,242.906767
107.583333,316.832083,242.925833
107.625000,318.032940,242.851461
107.666667,318.603703,242.742251
107.708333,318.336431,242.724494
107.750000,317.055761,242.826132
107.791667,315.582278,242.745383
107.833333,313.915251,242.972027
107.875000,311.959684,243.082086
107.916667,309.330095,243.214345
107.958333,306.851452,243.414523
108.000000,303.712323,243.681724
108.041667,300.722245,243.829938
108.083333,297.399002,243.917914
108.125000,294.331733,244.194154
108.166667,291.221086,244.376409
108.208333,287.898660,244.378559
108.250000,285.191383,244.336750
108.291667,282.458193,244.550465
108.333333,280.070057,244.660055
108.375000,277.977580,244.626692
108.416667,276.196749,244.841883
108.458333,274.925433,244.832277
108.500000,273.995531,244.975740
108.541667,273.335815,244.984475
108.583333,273.196070,244.976970
108.625000,273.598000,245.005533
108.666667,274.377350,244.991239
108.708333,275.529487,244.944444
108.750000,276.875847,245.003602
108.791667,278.916898,244.908994
108.833333,280.986179,244.961514
108.875000,283.568318,244.895389
108.916667,286.670498,244.751596
108.958333,289.250107,244.685217
109.000000,292.316553,244.558874
109.041667,295.494672,244.306692
109.083333,298.566364,244.413378
109.125000,301.797886,244.215011
109.166667,304.272136,243.937893
109.208333,307.303768,243.648815
109.250000,309.624372,243.452889
109.291667,312.011309,243.339267
109.333333,313.688165,243.127948
109.375000,315.150010,243.000000
109.416667,316.400915,242.876482
109.458333,317.213887,242.863402
109.500000,317.401316,242.763158
109.541667,317.247786,242.792173
109.583333,316.499276,242.869080
109.625000,315.534472,242.727140
109.666667,314.113533,242.957866
109.708333,312.167672,243.024131
109.750000,310.079792,243.241875
109.791667,307.615641,243.272255
109.833333,304.732626,243.402830
109.875000,302.324363,243.778928
109.916667,298.893244,244.062969
109.958333,295.995819,243.953595
110.000000,292.918094,244.292311
110.041667,289.969351,244.347073
110.083333,287.154589,244.488553
110.125000,284.121627,244.478078
110.166667,281.788295,244.651384
110.208333,279.813325,244.445722
110.250000,277.705708,244.551374
110.291667,276.203688,244.810937
110.333333,275.171410,244.796517
110.375000,274.545106,244.743830
110.416667,274.272067,244.767685
110.458333,274.285806,244.914365
110.500000,274.702218,245.094070
110.541667,275.625879,244.981027
110.583333,276.764119,244.752866
110.625000,278.537790,244.643815
110.666667,280.399658,244.986336
110.708333,282.796292,244.777967
110.750000,285.367906,244.673751
110.791667,287.941426,244.545628
110.833333,291.033596,244.752073
110.875000,293.909806,244.495852
110.916667,296.794492,244.421610
110.958333,299.797117,244.056392
111.000000,302.815188,243.941892
111.041667,305.510286,243.762884
111.083333,307.997886,243.604440
111.125000,310.404385,243.418090
111.166667,312.150063,243.261984
111.208333,313.797129,243.046192
111.250000,314.904979,242.919502
111.291667,315.750470,242.808937
111.333333,316.296289,242.872901
111.375000,316.283992,242.797505
111.416667,315.966432,242.752176
111.458333,315.116999,242.803408
111.500000,314.001246,242.979859
111.541667,312.392746,243.013264
111.583333,310.674953,243.063714
111.625000,308.476052,243.164307
111.666667,305.834585,243.651648
111.708333,303.230593,243.652337
111.750000,300.167015,243.822324
111.791667,297.207744,243.760408
111.833333,294.362555,244.298476
111.875000,291.930699,244.501162
111.916667,288.660960,244.393528
111.958333,285.990582,244.252198
112.000000,283.647232,244.508104
112.041667,281.252462,244.726587
112.083333,279.440567,244.871193
112.125000,277.562275,244.666949
112.166667,276.291992,244.616311
112.208333,275.417748,244.930624
112.250000,275.038396,244.925541
112.291667,274.979513,245.050149
112.333333,275.201611,244.955056
112.375000,275.927749,244.824808
112.416667,276.804749,244.820649
112.458333,278.117062,245.045301
112.500000,280.338307,245.010446
112.541667,282.216233,244.811674
112.583333,284.459546,244.624973
112.625000,287.238711,244.688573
112.666667,289.957960,244.646180
112.708333,292.506675,244.546726
112.750000,295.619766,244.333688
112.791667,298.232154,244.238932
112.833333,300.996220,244.149097
112.875000,303.733025,243.981921
112.916667,306.355715,243.744475
112.958333,308.822344,243.370853
113.000000,310.903789,243.302105
113.041667,312.469801,243.307628
113.083333,313.815024,243.136849
113.125000,314.797837,242.880408
113.166667,315.350156,242.826694
113.208333,315.643661,242.744579
113.250000,315.469684,242.763704
113.291667,314.786916,242.947871
113.333333,313.940702,243.069215
113.375000,312.791960,242.945089
113.416667,311.084898,243.086149
113.458333,308.910603,243.383784
113.500000,306.664583,243.548333
113.541667,304.037207,243.596781
113.583333,301.639229,243.759693
113.625000,298.648969,244.115136
113.666667,295.990768,244.124003
113.708333,293.125000,244.263400
113.750000,290.469582,244.347698
113.791667,287.557680,244.420466
113.833333,284.950902,244.533151
113.875000,282.412271,244.729775
113.916667,280.689058,244.881918
113.958333,278.985147,244.783365
114.000000,277.473384,244.682721
114.041667,276.720244,244.763851
114.083333,275.953251,245.001062
114.125000,275.779859,245.018522
114.166667,275.983648,244.964111
114.208333,276.117822,244.959102
114.250000,277.022448,244.769801
114.291667,278.243197,244.943878
114.333333,279.938936,244.945532
114.375000,281.608335,245.014884
114.416667,283.801961,244.759326
114.458333,286.652692,244.771866
114.500000,288.482211,244.779119
114.541667,291.609445,244.545203
114.583333,294.274894,244.447234
114.625000,296.890316,244.348842
114.666667,299.685919,244.183179
114.708333,302.489144,244.060125
114.750000,304.750422,243.950042
114.791667,307.173786,243.676298
114.833333,309.113945,243.644156
114.875000,311.278211,243.387471
114.916667,312.620611,243.192811
114.958333,313.713900,243.084770
115.000000,314.492937,243.032821
115.041667,314.719517,242.952351
115.083333,314.778492,242.946540
115.125000,314.352294,243.048370
115.166667,313.446949,243.040538
115.208333,312.471531,243.194656
115.250000,311.051540,243.208883
115.291667,309.205266,243.401617
115.333333,307.115465,243.615256
115.375000,304.447516,243.794845
115.416667,302.531924,243.910655
115.458333,299.768909,243.960301
115.500000,296.712317,244.012317
115.541667,294.198155,244.379954
115.583333,291.766173,244.772516
115.625000,288.761366,244.518751
115.666667,286.739094,244.469589
115.708333,284.054327,244.473363
115.750000,281.828728,244.797089
115.791667,280.283266,244.700233
115.833333,278.923274,244.566496
115.875000,277.699747,244.421453
115.916667,276.778952,244.552409
115.958333,276.219248,244.553431
